# B[mT] dM/dB [uA/(um^3·mT)]
0.000000000000000000e+00 -3.323014940761452749e+02
4.081632653061224164e-02 -3.183918593254350640e+02
8.163265306122448328e-02 -2.763302608773398106e+02
1.224489795918367319e-01 -2.040156704626805322e+02
1.632653061224489666e-01 -2.624948762207407071e+01
2.040816326530612013e-01 1.010023743375510890e+02
2.448979591836734637e-01 8.605218967186755208e+01
2.857142857142856984e-01 1.605326613869274865e+02
3.265306122448979331e-01 5.018217365032865018e+01
3.673469387755101678e-01 -1.111555993723567894e+02
4.081632653061224025e-01 -9.406955669279739141e+00
4.489795918367346372e-01 1.508060091358482850e+02
4.897959183673469274e-01 7.425835841446001950e+01
5.306122448979591066e-01 6.529275168527149731e+01
5.714285714285713969e-01 1.102207196568385825e+02
6.122448979591835760e-01 -2.026587885487543872e+00
6.530612244897958663e-01 -3.795621377190579437e+01
6.938775510204081565e-01 -5.359009412976311637e+01
7.346938775510203357e-01 1.668192967511967595e+01
7.755102040816326259e-01 3.486720114434677953e+01
8.163265306122448051e-01 1.615912194316504724e+01
8.571428571428570953e-01 3.374631479944494572e+01
8.979591836734692745e-01 3.529020910985326509e+01
9.387755102040815647e-01 2.251240458539167832e+01
9.795918367346938549e-01 1.008061370364688969e+01
1.020408163265306145e+00 1.463360526634774317e+01
1.061224489795918213e+00 2.892085706432123970e+01
1.102040816326530503e+00 2.116578070922435018e+01
1.142857142857142794e+00 1.451615187783623639e+01
1.183673469387755084e+00 1.783533903424141442e+01
1.224489795918367152e+00 1.597785397467725943e+01
1.265306122448979442e+00 1.560574311808253611e+01
1.306122448979591733e+00 1.184577907060128865e+01
1.346938775510204023e+00 9.625804437587099471e+00
1.387755102040816313e+00 9.165818127612254784e+00
1.428571428571428381e+00 7.274492252239873835e+00
1.469387755102040671e+00 4.270751789050613922e+00
1.510204081632652962e+00 4.226382402623908519e+00
1.551020408163265252e+00 4.898927834496813460e+00
1.591836734693877320e+00 4.489957193664004365e+00
1.632653061224489610e+00 4.066277144774144148e+00
1.673469387755101900e+00 3.790394972472295620e+00
1.714285714285714191e+00 3.527131100397596697e+00
1.755102040816326481e+00 3.456723226276320560e+00
1.795918367346938549e+00 3.191989878218969068e+00
1.836734693877550839e+00 3.079207865136940114e+00
1.877551020408163129e+00 2.949547971612865638e+00
1.918367346938775420e+00 2.768214859511779480e+00
1.959183673469387710e+00 2.663721253151322799e+00
2.000000000000000000e+00 2.589813393783096718e+00
